S             Madiwela       1             2             3581          3582          0             0.3           1             10 
   F           1             3             0.04          0.01          10 
S             Salalihini     1             2             2395          2290          0             0.3           1             4 
   F           1             3             0.04          0.01          4 
S             Kit            1             2             1075          1076          0             0.3           1             15 
   F           1             3             0.04          0.01          15 
S             Thyalangama    2             2             3560          3652          0             6.6           1             20 
   F           1             1             0.04          0.01          20 
S             ParliToKol     2             2             1624          1625          2             0             1             10 
   F           1             3             0.04          0.01          10 
S             ParliToKotte   2             2             1624          1517          2             0             1             10 
   F           1             3             0.04          0.01          10 
S             NStreet        1             2             617           690           0             2             1             15 
   F           1             3             0.04          0.1           15 
S             LBN!           1             2             7769          7673          0             0             1             15 
   F           1             3             0.04          0.01          15 
S             LBN2           1             2             5073          4997          0             0             1             15 
   F           1             3             0.04          0.01          15 
S             Name           1             2             6013          5936          0             0             1             15 
   F           1             3             0.04          0.01          15 
S             RBN2           1             2             4470          4387          0             0             1             15 
   F           1             3             0.04          0.01          15 
