 1 
 1   .95   1   .463   10   1
 13.2   87   2.54
 0             0             0 
 0             0             0 
 0             0             0 
 0             0             0 
 0             0             0 
 0             0             0 
 0             0             0 
 0             0             0 
 0             0             0 
 0             0             0 
 0             0             0 
 0             0             0 
 0             0             0 
 0             0             0 
 0             0             0 
 0             0             0 
 0             0             0 
 0             0             0 
 0             0             0 
 0             0             0 
 0             0             0 
 0             0             0 
 0             0             0 
 0             0             0 
 0             0             0 
 0             0             0 
 0             0             0 
 0             0             0 
 0             0             0 
 0             0             0 
 0             0             0 
 0             0             0 
 0             0             0 
 0             0             0 
 0             0             0 
