[General]
LowerKelani
 1             1             1             166           3             0             0             0             0             0             0             1 
[MODFLO layers]
 0            -0.1          -2             0 
[MODFLO Stress Periods]
 500           1             1            TR
[MODFLO Block Centered Variables]
 1             1             1             0.2           0             0             0             1             6.5 
[Time Variant Groundwater Heads]
 2             72            1             1 
-0.1          -0.1 
 2             73            1             1 
 0             0 
 2             74            1             1 
 0             0 
 2             75            1             1 
 0             0 
 2             76            1             1 
 0             0 
 2             77            1             1 
 0             0 
 3             68            1             1 
 0             0 
 3             69            1             1 
 0             0 
 3             70            1             1 
 0             0 
 3             71            1             1 
 0             0 
 3             72            1             1 
 0             0 
 3             75            1             1 
 0             0 
 4             64            1             1 
 0             0 
 4             65            1             1 
 0             0 
 4             66            1             1 
 0             0 
 4             67            1             1 
 0             0 
 4             68            1             1 
 0             0 
 4             74            1             1 
 0             0 
 5             61            1             1 
 0             0 
 5             62            1             1 
 0             0 
 5             63            1             1 
 0             0 
 5             64            1             1 
 0             0 
 5             74            1             1 
 0             0 
 5             75            1             1 
 0             0 
 6             57            1             1 
 0             0 
 6             58            1             1 
 0             0 
 6             59            1             1 
 0             0 
 6             60            1             1 
 0             0 
 6             61            1             1 
 0             0 
 6             75            1             1 
 0             0 
 6             76            1             1 
 0             0 
 7             53            1             1 
 0             0 
 7             54            1             1 
 0             0 
 7             55            1             1 
 0             0 
 7             56            1             1 
 0             0 
 7             57            1             1 
 0             0 
 7             76            1             1 
 0             0 
 7             77            1             1 
 0             0 
 7             78            1             1 
 0             0 
 7             79            1             1 
 0             0 
 7             80            1             1 
 0             0 
 7             81            1             1 
 0             0 
 8             47            1             1 
 0             0 
 8             48            1             1 
 0             0 
 8             49            1             1 
 0             0 
 8             50            1             1 
 0             0 
 8             51            1             1 
 0             0 
 8             52            1             1 
 0             0 
 8             53            1             1 
 0             0 
 8             81            1             1 
 0             0 
 8             82            1             1 
 0             0 
 8             83            1             1 
 0             0 
 9             42            1             1 
 0             0 
 9             43            1             1 
 0             0 
 9             44            1             1 
 0             0 
 9             45            1             1 
 0             0 
 9             46            1             1 
 0             0 
 9             47            1             1 
 0             0 
 9             83            1             1 
 0             0 
 10            41            1             1 
 0             0 
 10            42            1             1 
 0             0 
 10            83            1             1 
 0             0 
 10            84            1             1 
 0             0 
 11            84            1             1 
 0             0 
 11            85            1             1 
 0             0 
 12            85            1             1 
 0             0 
 12            86            1             1 
 0             0 
 13            86            1             1 
 0             0 
 13            87            1             1 
 0             0 
 14            87            1             1 
 0             0 
 14            88            1             1 
 0             0 
 14            89            1             1 
 0             0 
 14            90            1             1 
 0             0 
 14            91            1             1 
 0             0 
 14            92            1             1 
 0             0 
 15            92            1             1 
 0             0 
 15            93            1             1 
 0             0 
 15            94            1             1 
 0             0 
 15            95            1             1 
 0             0 
 15            96            1             1 
 0             0 
 15            97            1             1 
 0             0 
 15            98            1             1 
 0             0 
 2             72            1             1 
-0.1          -0.1 
 2             73            1             1 
-0.1          -0.1 
 2             74            1             1 
-0.1          -0.1 
 2             75            1             1 
-0.1          -0.1 
 2             76            1             1 
-0.1          -0.1 
 2             77            1             1 
-0.1          -0.1 
 3             68            1             1 
-0.1          -0.1 
 3             69            1             1 
-0.1          -0.1 
 3             70            1             1 
-0.1          -0.1 
 3             71            1             1 
-0.1          -0.1 
 3             72            1             1 
-0.1          -0.1 
 3             75            1             1 
-0.1          -0.1 
 4             64            1             1 
-0.1          -0.1 
 4             65            1             1 
-0.1          -0.1 
 4             66            1             1 
-0.1          -0.1 
 4             67            1             1 
-0.1          -0.1 
 4             68            1             1 
-0.1          -0.1 
 4             74            1             1 
-0.1          -0.1 
 5             61            1             1 
-0.1          -0.1 
 5             62            1             1 
-0.1          -0.1 
 5             63            1             1 
-0.1          -0.1 
 5             64            1             1 
-0.1          -0.1 
 5             74            1             1 
-0.1          -0.1 
 5             75            1             1 
-0.1          -0.1 
 6             57            1             1 
-0.1          -0.1 
 6             58            1             1 
-0.1          -0.1 
 6             59            1             1 
-0.1          -0.1 
 6             60            1             1 
-0.1          -0.1 
 6             61            1             1 
-0.1          -0.1 
 6             75            1             1 
-0.1          -0.1 
 6             76            1             1 
-0.1          -0.1 
 7             53            1             1 
-0.1          -0.1 
 7             54            1             1 
-0.1          -0.1 
 7             55            1             1 
-0.1          -0.1 
 7             56            1             1 
-0.1          -0.1 
 7             57            1             1 
-0.1          -0.1 
 7             76            1             1 
-0.1          -0.1 
 7             77            1             1 
-0.1          -0.1 
 7             78            1             1 
-0.1          -0.1 
 7             79            1             1 
-0.1          -0.1 
 7             80            1             1 
-0.1          -0.1 
 7             81            1             1 
-0.1          -0.1 
 8             47            1             1 
-0.1          -0.1 
 8             48            1             1 
-0.1          -0.1 
 8             49            1             1 
-0.1          -0.1 
 8             50            1             1 
-0.1          -0.1 
 8             51            1             1 
-0.1          -0.1 
 8             52            1             1 
-0.1          -0.1 
 8             53            1             1 
-0.1          -0.1 
 8             81            1             1 
-0.1          -0.1 
 8             82            1             1 
-0.1          -0.1 
 8             83            1             1 
-0.1          -0.1 
 9             42            1             1 
-0.1          -0.1 
 9             43            1             1 
-0.1          -0.1 
 9             44            1             1 
-0.1          -0.1 
 9             45            1             1 
-0.1          -0.1 
 9             46            1             1 
-0.1          -0.1 
 9             47            1             1 
-0.1          -0.1 
 9             83            1             1 
-0.1          -0.1 
 10            39            1             1 
-0.1          -0.1 
 10            40            1             1 
-0.1          -0.1 
 10            41            1             1 
-0.1          -0.1 
 10            42            1             1 
-0.1          -0.1 
 10            83            1             1 
-0.1          -0.1 
 10            84            1             1 
-0.1          -0.1 
 11            84            1             1 
-0.1          -0.1 
 11            85            1             1 
-0.1          -0.1 
 12            85            1             1 
-0.1          -0.1 
 12            86            1             1 
-0.1          -0.1 
 13            86            1             1 
-0.1          -0.1 
 13            87            1             1 
-0.1          -0.1 
 14            87            1             1 
-0.1          -0.1 
 14            88            1             1 
-0.1          -0.1 
 14            89            1             1 
-0.1          -0.1 
 14            90            1             1 
-0.1          -0.1 
 14            91            1             1 
-0.1          -0.1 
 14            92            1             1 
-0.1          -0.1 
 15            92            1             1 
-0.1          -0.1 
 15            93            1             1 
-0.1          -0.1 
 15            94            1             1 
-0.1          -0.1 
 15            95            1             1 
-0.1          -0.1 
 15            96            1             1 
-0.1          -0.1 
 15            97            1             1 
-0.1          -0.1 
 15            98            1             1 
-0.1          -0.1 
[Solver]
 1             500           5             1             0.01          1             0.9           1 
 0             0             1             0             0             1             2             999           0             1 
 0             0             0             0             1             0             1             0             1 
